 1.5877e+09
 1.34476e+09
 1.39213e+09
 1.44858e+09
 1.44344e+09
 1.39668e+09
 1.38993e+09
 1.41954e+09
 1.36989e+09
 1.40065e+09
 1.35916e+09
 1.39463e+09
 1.36732e+09
 1.34329e+09
 1.35431e+09
 1.34746e+09
 1.33416e+09
 1.32414e+09
 1.36537e+09
 1.32138e+09
 1.36378e+09
 1.36027e+09
 1.33975e+09
 1.33191e+09
 1.30774e+09
 1.32169e+09
 1.333e+09
 1.33688e+09
 1.32335e+09
 1.27918e+09
 1.2686e+09
 1.21241e+09
 1.2433e+09
 1.25722e+09
 1.23331e+09
 1.27156e+09
 1.25705e+09
 1.1801e+09
 1.19893e+09
 1.15942e+09
 1.17183e+09
 1.11295e+09
 1.09878e+09
 1.05728e+09
 1.00191e+09
 1.03016e+09
 1.03212e+09
 9.90763e+08
 1.06755e+09
 9.34334e+08
 9.8495e+08
 9.63153e+08
 9.13168e+08
 9.289e+08
 9.24226e+08
 9.25633e+08
 8.98347e+08
 9.04632e+08
 8.94262e+08
 8.64431e+08
 8.52517e+08
 8.50365e+08
 8.89719e+08
 8.11006e+08
 8.29547e+08
 8.08612e+08
 7.84658e+08
 7.94207e+08
 7.88511e+08
 7.66069e+08
 7.73473e+08
 7.49855e+08
 7.72197e+08
 7.75758e+08
 7.5674e+08
 7.4964e+08
 7.33836e+08
 7.50086e+08
 7.66189e+08
 7.44563e+08
 7.00504e+08
 7.10958e+08
 7.12253e+08
 7.14191e+08
 7.29905e+08
 6.99757e+08
 6.84265e+08
 6.92731e+08
 6.78757e+08
 6.77536e+08
 6.75694e+08
 6.95658e+08
 6.65549e+08
 6.66155e+08
 6.85714e+08
 6.64957e+08
 7.56549e+08
